2
3
4
5
6
7
9
10
12
13
14
15
16
18
21
23
25
26
28
29
31
32
34
35
37
38
39
42
43
44
45
46
47
49
52
53
54
55
56
57
58
59
60
64
65
66
67
68
69
71
74
75
77
78
79
80
81
83
84
85
86
87
88
90
92
93
94
98
102
103
104
106
107
110
111
115
116
121
122
126
127
128
130
131
132
134
135
136
137
138
139
140
141
142
143
145
146
147
148
149
150
151
152
153
154
156
158
159
161
163
164
166
167
168
171
172
174
175
178
179
181
182
183
186
187
189
191
195
196
199
203
205
207
208
209
210
213
215
216
217
218
219
222
223
224
225
227
228
229
230
231
232
233
234
235
236
237
238
239
240
241
242
243
244
245
246
247
248
249
250
251
252
254
256
258
259
260
261
263
264
266
267
268
269
270
271
272
273
274
275
277
278
279
280
281
282
285
287
288
290
291
292
293
294
295
297
298
299
300
301
305
306
307
308
309
311
312
313
314
316
317
319
321
322
323
326
327
328
329
331
333
335
336
337
338
339
344
347
348
349
351
353
354
355
357
358
359
360
361
362
364
365
368
370
371
373
374
375
376
379
380
381
382
383
385
386
387
388
389
390
391
392
393
394
396
399
400
401
402
403
404
405
408
409
410
412
413
414
415
416
417
418
419
420
422
423
424
425
427
428
429
430
431
432
435
436
437
440
441
443
444
447
448
449
452
453
455
456
457
461
462
465
466
467
468
469
470
471
472
475
476
477
479
480
481
482
485
487
488
489
491
493
495
496
500
501
502
503
506
507
508
510
513
514
516
518
521
524
525
526
527
528
530
531
532
533
534
535
536
537
538
539
541
543
544
545
546
548
549
550
553
554
555
556
559
561
562
563
564
568
569
570
571
573
574
575
576
577
578
580
582
583
584
585
588
591
593
594
595
597
598
600
601
602
604
605
606
607
609
610
612
614
615
616
617
619
621
622
623
624
625
626
627
628
629
632
633
634
635
636
637
638
640
641
642
643
644
645
646
647
648
650
651
653
654
655
657
658
659
660
661
662
663
665
667
669
671
672
673
674
676
677
678
679
680
681
682
683
684
685
686
687
688
690
691
694
